,Unnamed: 0,children_education___output,crop_sales___output,expenditure___output,has_medical_assistance___output,no_food_deficiency___output,crop_diversification___policy,has_bank_account___policy,has_borrowed___policy,number_of_animals_owned___policy,number_of_hired_workers___policy,number_of_ploughs_owned___policy,owns_land_certificate___policy,quantity_of_fertilizers_used___policy,quantity_of_pesticides_used___policy,uses_credit___policy,uses_irrigation___policy,attended_school,distance_to_road,distance_to_market,household_head_age,household_head_is_divorced,household_head_is_male,household_head_is_monogamous,household_head_is_polygamous,household_head_is_separated,household_head_is_widowed,household_head_never_married,household_size,land_surface,literacy,lives_in_arusha,lives_in_daressalaam,lives_in_dodoma,lives_in_geita,lives_in_iringa,lives_in_kagera,lives_in_kaskazinipemba,lives_in_kaskaziniunguja,lives_in_katavi,lives_in_kigoma,lives_in_kilimanjaro,lives_in_kusinipemba,lives_in_kusiniunguja,lives_in_manyara,lives_in_mara,lives_in_mbeya,lives_in_mjinimagharibi,lives_in_morogoro,lives_in_mtwara,lives_in_mwanza,lives_in_njombe,lives_in_pwani,lives_in_rukwa,lives_in_ruvuma,lives_in_shinyanga,lives_in_simiyu,lives_in_singida,lives_in_tabora,lives_in_tanga,rural_household,weight,clusterid,latitude,longitude
Unnamed: 0,1.0,0.03706938699431376,-0.055890284968704566,-0.029621646960023066,0.004241413753095822,0.1176840094978329,0.029035092353119043,-0.10003265477016743,-0.05907832089999202,0.02095038556087172,0.0823465022379782,0.04647517239821194,-0.04227277512211706,-0.04531942948987588,-0.12205944201248362,-0.1441318058497257,-0.011451719163015135,-0.13332615641172538,0.035916790865121236,0.03446207373070125,0.07938967272407227,0.025960733582199958,0.039041733804222184,0.01144928844706531,0.14744581877224078,-0.08044756649195552,0.016887523874846117,-0.11829050908536579,0.23197094180761058,-0.013901754983303658,-0.13743496772097982,-0.26499220827050673,-0.3823088028152215,-0.25140115796066465,0.19550839016358726,-0.03542312295646877,0.12110718577238802,0.24279573935076415,0.164934805789091,0.12937918781980337,0.04705302350538526,-0.2992539560222363,0.22225641042398822,0.11097662111566972,0.12299752274192266,0.13181489023224435,-0.020826748108941015,0.4340111378921734,-0.23657559373324086,-0.08680159913233101,0.1445960815925919,0.11199594116358272,-0.17416322629138226,0.01914889120684891,-0.04386502633269593,0.06865113265539817,0.20784588910514495,-0.0032446191302772003,0.016701067174828246,-0.23793505863861028,0.22773919014682853,-0.42626967093976226,0.9999963316775818,0.21357663799607232,-0.14030259412313725
children_education___output,0.03706938699431376,1.0,0.015751374119055504,0.22808526760866588,-0.0481934221884304,0.05738481278584598,0.19380246065765006,0.14003124571744452,-0.0344581193431473,-0.026900232493185138,0.0937166965036185,-0.04543276573698723,0.12982784502024128,0.1399343233299455,0.09631395421089774,0.05224097201200348,0.05180852459771317,0.6546226583008153,-0.050101087363949935,-0.07052836240374538,0.3466827980002288,0.006928730209749873,-0.05674968202728105,0.01121205203629548,0.0015100985035456874,0.013346417747830755,0.1033372326403278,-0.02175799546114925,0.17448948570576883,-0.038324923539437596,0.5037486610655326,-0.06627239099682075,0.0016422303716784794,-0.034947612070548605,-0.013183326589267103,0.047671899458943894,0.0024362556248761187,0.02603065202116128,-0.005864201035874656,-0.05036074660682805,-0.030402936761182085,0.06930781002465744,0.03187503086789204,0.032034041341470254,-0.006393512167439935,-0.013593409044353707,0.052447633001907544,0.10357750736346234,-0.011165038117082506,0.006459678516927441,0.01985267929868722,0.049233263571929704,-0.017509058408851662,-0.02911999672500779,0.0440725423787656,-0.06539059323994419,-0.06864783684172816,-0.009790335690633561,-0.11505975254905887,-0.004480403855416646,-0.04834950941593935,-0.06035894642895373,0.03701480993206793,-0.03890475546377876,0.10974219701725264
crop_sales___output,-0.055890284968704566,0.015751374119055504,1.0,0.31674195645579506,-0.005156833597905826,0.14147093253659698,0.04962179374425477,0.1145779805682873,0.09685226547341116,0.2817111411237926,0.13183798094517013,0.21855766755534128,0.05087094335247315,0.20285663969082385,0.30529694034812016,0.07511211599097282,0.06766921386001822,0.08256527806023298,-0.04554790180098054,0.0005855019113999535,-0.036044548664482375,-0.07193127281917694,0.2145691864890902,0.1715701963570062,0.05165122912867341,-0.11202829369331993,-0.10803100253121312,-0.04684179562240238,0.17627112215002008,0.35053444487641044,0.12477727609792759,-0.0014551274781921014,0.02914837511609713,0.04006327688834299,0.013229124850230445,-0.03320345878609162,-0.05787274602575524,-0.05839757594845235,-0.05790394189652887,-0.013627096784761187,-0.05107051690794355,0.01471770142026873,-0.07138445023674565,-0.0458365771301068,0.04136888006678753,-0.03574407677427335,0.09468375711377017,-0.027300452267409476,-0.03897865108656214,-0.006869683498045598,-0.04662470243915805,-0.05050185196856329,-0.01798456221477303,0.04396801400837132,-0.022007139523247253,0.056163010488244375,0.04744841589773008,0.06744469231677905,0.038843757188460434,-0.024907520932692183,0.059529916374991346,0.049935006892012364,-0.055743191495915674,-0.06367631615886932,-0.03447269636860986
expenditure___output,-0.029621646960023066,0.22808526760866588,0.31674195645579506,1.0,0.0796633838201218,0.23019791280528107,0.1075905313218137,0.4339261981249817,0.09573294392673933,0.29231807914698416,0.16263803655664347,0.11322749667508031,0.23983430257366647,0.2905816622481176,0.08715062996577194,0.14615165134588504,0.06024161494268994,0.2784082597203549,-0.08784670535635056,-0.013292370310626215,0.03344522777782467,-0.10313678495792857,0.20375064506362708,0.2137390763761516,0.038286499422792324,-0.12043116605878595,-0.12269285590148983,-0.056017108789353315,0.3954817770934667,-0.14055818376651358,0.32317346400182356,-0.0048323611264086365,0.2769585956340478,-0.04141037565614359,0.006612806555441855,-0.07633853303656991,-0.04702656773263717,0.016717818451981586,0.00814051764262165,-0.06099111439003362,-0.120106768222402,-0.0035359448590274786,-0.02035853655997283,-0.03171494576938928,-0.02666604381985548,-0.021411791550895138,-0.025671859658471748,0.15863024595040537,-0.004265217200644025,-0.11352040716676445,0.0026843180895748495,-0.04823547832704054,0.007945667357266574,-0.0716972100965469,-0.059074075902977176,-0.010211063964088982,-0.026205750428759566,0.03072972985555486,-0.05423879109702632,-0.011294197835367744,-0.24486701304843486,-0.14090138431711977,-0.029636000523104257,-0.1324095477216779,0.2024448639671616
has_medical_assistance___output,0.004241413753095822,-0.0481934221884304,-0.005156833597905826,0.0796633838201218,1.0,-0.07777219007695925,0.0931101099215153,0.04207456204148621,0.08850898852065006,-0.07004899801330054,0.11098344897524719,-0.0663527900976324,0.018325284954003658,0.0034735083306486046,0.05228343563611976,0.060033005760915525,0.01750463252029697,0.01876256510119812,-0.04960199657183652,-0.030327971809063672,-0.07825506513274219,0.02970659445618204,-0.0595695565942773,-0.04069268402848861,-0.00832600570504384,0.035346341635750685,0.0062906190263250115,-0.029643692784954104,-0.10283380366333059,-0.061306670812477274,0.01694569196953846,-0.05312013912489347,0.06571356923239664,-0.06350329589358178,0.0036692430659226753,-0.026666653277110437,0.02445697692657624,-0.008419653058987585,-0.0032771684422224,-0.05588667866383474,-0.041260061666128424,-0.006967238013287194,0.0002105168308114314,-0.00517453231975295,-0.015174437848980317,0.10778179456742308,-0.013878033169365547,-0.040753200235951775,0.01870808460711487,0.03462626168344928,0.10072160461097816,0.0013916210352905873,0.011369374164795066,0.00010171819757275704,0.004238721857294199,0.014337239252345315,-0.0106182122609859,-0.05489195586093628,-0.07627116038505856,-0.014208493123152744,-0.07900261146888027,0.02114475436674901,0.004235414434952528,0.040177162113339465,0.02725197714070363
no_food_deficiency___output,0.1176840094978329,0.05738481278584598,0.14147093253659698,0.23019791280528107,-0.07777219007695925,1.0,-0.053679340695879776,0.2166991647239563,0.004907112327214943,0.018097426265226996,0.10445157700527821,0.003507342104161691,0.03409209390160247,0.10598782284822816,-0.02335897297514684,-0.020916089673109397,0.004767774991242218,0.1292212253796774,0.051760315030302345,0.006426468787515916,-0.04913226330285463,-0.053857744502425066,0.05919800195582918,0.06297947382336917,0.01863286942667349,-0.05226628556937774,-0.03706397177506682,0.03054667982044981,-0.0324603917865806,-0.14106358431331306,0.15695585900447565,-0.025834284031617652,0.07827122421433623,-0.027974155431627422,-0.010329538187374823,0.03618469934535366,-0.008561815915886523,0.078895560449144,0.06564892195413828,0.012460186800128684,-0.030507122518959373,0.006574245936516692,0.06081358239468287,0.05747036073223852,0.006867370360236296,-0.05684377572010331,0.010876237023062906,0.18827430136295373,-0.045766470542743846,-0.11486672948323923,-0.07973970093761204,0.027776681783838495,-0.05557246727071348,-0.024554340514818602,-0.06418072616381774,-0.023609895928622327,-0.07277869298554512,0.0172955263595841,-0.0063820296050129234,-0.017558021891531037,-0.09457000417938816,-0.16338136309710816,0.11768058146537648,-0.14713469619828198,0.12858942499085646
crop_diversification___policy,0.029035092353119043,0.19380246065765006,0.04962179374425477,0.1075905313218137,0.0931101099215153,-0.053679340695879776,1.0,0.02503513122877637,-0.10747170119873191,-0.04747890047955643,0.10961714773856644,-0.06678030179435646,0.02690024876666379,0.16887025006535133,0.14887261978803867,0.04269899801846136,0.06424076929254618,0.16357294929950417,-0.1282585278521731,-0.12300342498947325,0.1562567528943395,0.003774390975699141,0.041482642712791146,0.03532433197291663,-0.018278835757323725,-0.04942652664172021,0.028804734645633403,-0.07021276428332603,0.0724640891589497,0.14306804326588074,0.11592847797664789,-0.0973625535776138,-0.016896688756313654,-0.07094740270335316,0.09783489107382387,-0.06371390203913697,0.26082103733798373,-0.03056616941420726,-0.0287798490647797,-0.1127639722116779,0.04020164964824057,0.09677192895376965,-0.055137348239660953,-0.047771325263646636,-0.013189270884810048,0.009313713106936336,0.009416114096956746,-0.03756533538800347,-0.03955098037047991,0.08034374432698949,0.12531961745601827,0.01350004862963597,-0.010041093709287852,-0.08023136501243902,-0.043402160452612124,-0.04699762835782862,-0.09884201682827688,-0.10900212244609009,-0.07365401989041868,0.05588776576989032,0.16111628441109074,0.03847833419298261,0.029017050320894706,0.22910016833465965,-0.10315889045501878
has_bank_account___policy,-0.10003265477016743,0.14003124571744452,0.1145779805682873,0.4339261981249817,0.04207456204148621,0.2166991647239563,0.02503513122877637,1.0,0.12869162365121425,0.051160205874727145,0.18268295355142875,-0.09639968259949337,0.12116850475461105,0.1422473673364023,0.08171833583188604,0.19514334752389087,0.07247946964278526,0.3018918348210398,-0.08119396228016916,-0.02143970660148655,-0.02254804558672667,-0.04698552826956418,0.09094056106548314,0.08352816613952893,-0.03885711695413249,-0.035697784598656676,-0.08120775812026518,0.10249217597358938,-0.023899853917823777,-0.24742679135806142,0.3535807801017021,-0.0001452603716090765,0.2595181075097687,-0.02288138447097051,-0.009221997236826696,-0.03191383939987075,-0.03804656004380884,-0.03789659122745571,-0.028936910402340883,-0.01761413970239056,-0.06954031634336427,0.02770505010149253,-0.0006299836524650791,-0.027458229966555434,-0.004461585731021472,-0.05006731313030599,-0.03723834117554953,0.11550789513934652,0.03241665895199834,-0.05419363688401915,-0.04703618871306166,-0.02570221181567626,-0.016909123795167392,-0.044444039459383744,-0.01186970141420594,-0.04127608807152637,-0.08915968254862096,0.005031401697510081,-0.06492980914045539,-0.01636743051117153,-0.284826792243042,-0.09804529487772393,-0.1000172109728848,-0.14677505320732137,0.188742296821377
has_borrowed___policy,-0.05907832089999202,-0.0344581193431473,0.09685226547341116,0.09573294392673933,0.08850898852065006,0.004907112327214943,-0.10747170119873191,0.12869162365121425,1.0,0.06122113116468121,-0.001311146994124381,0.02241802488201987,-0.0020113144941928045,0.06666418798139134,0.12990626765671595,0.20975966752889788,0.011826930668709514,0.010590320414486109,-0.10266861642198392,0.09684299569721445,-0.13604359967522878,-0.025437020608807176,-0.021724101567128503,-0.011502167445291799,-0.01032706297660627,0.027782599369889093,-0.020024112350546363,0.053556894488497,-0.01997021589345785,0.015440923826915625,0.03578219341661309,0.13613734368751612,0.08245676137571463,0.08770216022942828,-0.02443741889678235,0.078510334856587,-0.16936697902677417,-0.07713872958140496,-0.06193497247123435,-0.0077263616394891,-0.10852173028050294,0.0576463085760865,-0.09121654032494315,0.00419832730992996,0.06813751016864944,0.11292839371215536,-0.017124545715449566,-0.03457029658368826,0.0237537118171227,-0.08560304187470427,0.009594596366393452,-0.02160953253468689,-0.07955794781376194,-0.004779700262957916,-0.10840550095673251,0.09518989370675031,0.18884194328980872,0.09158002830725609,-0.047752249662730735,-0.021413298742312875,-0.05804893682560091,0.04687609859260116,-0.05907793177096165,-0.0524624817165235,0.025442548633730085
number_of_animals_owned___policy,0.02095038556087172,-0.026900232493185138,0.2817111411237926,0.29231807914698416,-0.07004899801330054,0.018097426265226996,-0.04747890047955643,0.051160205874727145,0.06122113116468121,1.0,0.10747819780316267,0.3496170369335925,0.04580198936287366,0.19208371598547497,0.08249247195326857,0.04665014430898869,0.010642526814685313,-0.071617890465223,-0.0538206472254392,0.05987130769242446,0.09288933598583014,-0.02301917562352499,0.11943696558172429,0.022949574560295685,0.09641048558817597,-0.06534253690495519,-0.0906423173896331,-0.03755350434962429,0.29995450376102545,0.34442658446815944,-0.053237615286635405,0.04658976370777055,-0.0379812623256624,0.02639632619924707,-0.017048916264620392,-0.01230025821562255,-0.1296705330663658,-0.06141321504128958,0.012194662254226139,-0.0020607182674812334,-0.08176624312946487,-0.037975358645233895,-0.03815159170283565,-0.07356900280524376,0.018990227143842034,0.0005235517057659677,-0.008452167428297923,-0.035075029062890194,-0.04179698468687456,-0.010605307673558977,0.06312231437358107,-0.005779136100685377,0.012196032449008942,-0.013726166281060517,-0.048865145100151136,0.10904411218889995,0.09602946791343576,0.009932304505747093,0.10318751148490159,-0.021618169697090583,0.11339676461127977,-0.03658987551979121,0.020951852627644308,-0.0155050089081792,-0.01937247794236354
number_of_hired_workers___policy,0.0823465022379782,0.0937166965036185,0.13183798094517013,0.16263803655664347,0.11098344897524719,0.10445157700527821,0.10961714773856644,0.18268295355142875,-0.001311146994124381,0.10747819780316267,1.0,-0.03233002711944929,0.034439221270906,0.05056503957981585,0.0453791556618489,-0.006451055553780744,0.0246393351441666,0.08659900672430615,-0.040708682854825186,-0.0014930253903957457,0.07265118409773981,0.024182360117024623,0.02814834627842748,-0.034440128296045765,0.01511467569040447,-0.049837778460202764,0.01415905230798866,-0.029245282867067846,-0.02284814787534522,0.0343598270976781,0.07314289963081673,-0.025793909646724414,0.07792474061623335,-0.07074888713270173,0.08698592272864138,-0.04218522752544426,0.07708142542682873,0.006830977192334569,0.07676419291281585,0.014649843621051782,-0.03134446695214603,-0.015634744423395845,0.056175773679373445,0.03659376399584191,-0.02452116528094686,-0.002325688123782528,0.09102697505103342,0.028649369861940208,-0.03803411620745054,-0.06573724650692468,0.04094531362764125,-0.021777276098132493,0.010302513380847525,0.025069402196104814,0.04007713108975738,-0.07274448327779161,-0.029966233203737515,-0.045708233310888115,-0.07034268516468219,0.03602260506606962,-0.043174428657771595,0.013911379406807187,0.08244473041723602,-0.003691315256589171,-0.026712062105617607
number_of_ploughs_owned___policy,0.04647517239821194,-0.04543276573698723,0.21855766755534128,0.11322749667508031,-0.0663527900976324,0.003507342104161691,-0.06678030179435646,-0.09639968259949337,0.02241802488201987,0.3496170369335925,-0.03233002711944929,1.0,-0.005648876035923815,0.22904591152968454,-0.009484995548612821,-0.02243840408423937,-0.025560544103821626,-0.1404211636918358,-0.05053701683690909,0.09517056987065384,0.0848991005777277,-0.04430842409167331,0.08175240493074892,0.028779605909634357,0.14721892312311488,-0.060790715959191735,-0.0271977235985772,-0.07250227591651322,0.2706469246029305,0.39734338575583894,-0.1540030914378605,0.06866439694433064,-0.1242329037399498,0.06353161273441905,-0.0344874915718223,0.013684427941773152,-0.053831985264965306,-0.04340481974178123,-0.038186201975451854,-0.02055762862030718,-0.029782364893412246,-0.04701492209163774,-0.038186201975451854,-0.02487796974047516,0.07168656933135607,0.06814882385346947,0.01353442412766127,-0.0870667237416506,-0.04100702180486802,-0.05670194638390075,0.02960002263285351,0.02370145176198569,-0.04309575841068732,0.04067361735015942,-0.04309575841068732,0.16195991567384288,0.1718776310459854,0.09975835313148684,0.16782326252636554,-0.030725698092905925,0.2060487358428242,0.0703660072271983,0.046483871984673346,0.08276374769925098,-0.20212670265409302
owns_land_certificate___policy,-0.04227277512211706,0.12982784502024128,0.05087094335247315,0.23983430257366647,0.018325284954003658,0.03409209390160247,0.02690024876666379,0.12116850475461105,-0.0020113144941928045,0.04580198936287366,0.034439221270906,-0.005648876035923815,1.0,0.07220884533295839,0.0012082292327114587,0.05265295462969796,0.018507031278956032,0.11687444703264137,-0.07868290200955227,-0.02908967060402532,0.011990702589955467,-0.013689975940738985,0.015338960960903463,0.06367145399670134,-0.009715713434222364,-0.006124818172159481,-0.026425532793402037,-0.020513157681233837,0.07058256819523469,-0.05225346292507722,0.14621988439580968,-0.018126893387843294,0.14848358520339977,0.02626128657194451,-0.03458903654002781,0.0019920476822239894,-0.060165683759618685,0.048133294484938555,0.019575396283439687,0.009092135975639655,-0.030812728989979412,-0.019267839037470078,0.01844277783908294,0.01183452670827877,0.015109947130387486,-0.01416872693951629,-0.0033529024703934235,0.0692098701863242,0.035355339059327376,-0.0047276348024257436,0.021102871326752943,0.010531057291256496,-0.017350306379343036,-0.0431799967499857,-0.02626128657194451,-0.015749532442695807,-0.03363042565458362,0.03021989426077497,-0.042409446483998546,0.06267049786392428,-0.2220497006935391,-0.015260296942062839,-0.04224842193660107,-0.0691512912804134,0.12016247994419527
quantity_of_fertilizers_used___policy,-0.04531942948987588,0.1399343233299455,0.20285663969082385,0.2905816622481176,0.0034735083306486046,0.10598782284822816,0.16887025006535133,0.1422473673364023,0.06666418798139134,0.19208371598547497,0.05056503957981585,0.22904591152968454,0.07220884533295839,1.0,0.21354817221019246,0.11732131079064322,0.2009878847341841,0.14416440861581023,-0.12257311917894863,0.06811647856693927,0.047390730917293414,-0.08059130817506209,0.037438503491259795,0.07076579588102928,0.013875767100690956,-0.0798109563791358,0.010173875849852325,0.029185593924345242,0.15635262374889963,0.15482898789610222,0.15840693288076244,0.022271655386424505,0.007364311323651563,-0.023844380478040182,-0.01884145276176905,0.10088637355864315,-0.027134397451180816,-0.03974233698486481,-0.03589101248507192,-0.0531160434442646,-0.06105986202680338,0.2007092779856572,-0.06652381793034748,-0.019356239793468004,0.053782812530335004,-0.015307996264526075,0.10486430114603681,-0.038652529937216164,-0.10283071199534234,-0.10765090518216497,0.04505471638515547,0.06460393197311859,-0.07959130134552997,-0.04506313145184315,0.007094229520256472,0.06312043780671636,-0.03958009378499604,0.04361635518561483,0.1116673628906009,-0.02076932511347649,0.07120084535073258,0.04784723946883346,-0.045197573773503225,-0.027920474770974035,-0.09015947115507074
quantity_of_pesticides_used___policy,-0.12205944201248362,0.09631395421089774,0.30529694034812016,0.08715062996577194,0.05228343563611976,-0.02335897297514684,0.14887261978803867,0.08171833583188604,0.12990626765671595,0.08249247195326857,0.0453791556618489,-0.009484995548612821,0.0012082292327114587,0.21354817221019246,1.0,0.09131507278971773,0.1503363198989462,0.11805358769277416,-0.0322358833236658,-0.002930121450444393,-0.027701570390636785,0.001028549717676059,0.04215118335526628,0.05517210139346201,0.008815555534559611,-0.035845721575221944,-0.021134437678079467,0.025531217736475695,-0.0014316460184833984,0.09485196100153105,0.11080030798680936,-0.01025207683996608,0.0042938525547663526,-0.07155983864861841,-0.035963693996514494,0.11391152411355511,-0.08752202164685444,-0.050499583339019785,-0.030683362604934653,-0.036628021375177594,-0.04849289451039877,0.1478242661319728,-0.05576669567864771,-0.03752812568014053,0.029055881226905236,-0.030600304221407564,0.03170238886689336,-0.045072497117820666,-0.04650129862753965,0.13737959152462015,-0.04024686143303338,0.04913878712514708,-0.027124832603989707,-0.05328339142170156,0.0014780350396276975,-0.025969340312894544,0.0438898229376999,-0.036585690672894175,-0.01919746491051457,-0.01871221522305396,0.07276691813018768,-0.02852164517460637,-0.12210460646531984,0.00854083220951044,0.1236933809421196
uses_credit___policy,-0.1441318058497257,0.05224097201200348,0.07511211599097282,0.14615165134588504,0.060033005760915525,-0.020916089673109397,0.04269899801846136,0.19514334752389087,0.20975966752889788,0.04665014430898869,-0.006451055553780744,-0.02243840408423937,0.05265295462969796,0.11732131079064322,0.09131507278971773,1.0,0.006317475914574178,0.09687164757600224,-0.024130693156954694,-0.006094842335983484,-0.02766326033009146,-0.0031239894664999318,-0.01140080176001233,0.010543858917914954,-0.04207361737393718,0.01766914341198626,-0.030694562263919062,0.020621164561436797,0.022220507190645503,0.03297833831644808,0.09566744589153052,0.01406140149591677,0.021159127440345524,0.008719654339002446,0.02890399196382892,-0.0007811889719953762,0.035761252501554396,-0.06221238410132584,-0.05336099666922575,-0.02867378404306486,-0.036498882977090086,0.08648437244129827,-0.05336099666922575,-0.038785087702182926,-0.017478971228369118,0.00416634118397534,-0.027695343978576727,-0.10966348036413662,0.0746259603105456,0.03977891310575251,0.02417348309335969,-0.014099100492496557,-0.006755486716749663,-0.03562267911763424,-0.03971805614400288,0.007518812015476723,0.010697666305596673,0.04538785383541781,-0.0031360194283277434,0.03540027775778546,-0.06052736906835595,0.11139003919104391,-0.14410320996918521,0.046190352140118136,-0.04684914191958253
uses_irrigation___policy,-0.011451719163015135,0.05180852459771317,0.06766921386001822,0.06024161494268994,0.01750463252029697,0.004767774991242218,0.06424076929254618,0.07247946964278526,0.011826930668709514,0.010642526814685313,0.0246393351441666,-0.025560544103821626,0.018507031278956032,0.2009878847341841,0.1503363198989462,0.006317475914574178,1.0,0.04984145079378589,-0.008220724053383602,-0.007022681781099431,-0.014457427809661732,-0.0350579854198147,-0.001159361166805855,0.026580772782758465,-0.01727918882024294,-0.03347053359550713,0.012982727794960737,0.003493572970063249,0.0284160733377384,-0.04692862937024225,0.05294218256308583,0.004648487701186151,0.06528215644834268,-0.030635947583631563,-0.03199191016556271,-0.034313721135274144,-0.021335572418472303,0.07745813020703514,0.0012877241030401034,-0.02744522109221202,-0.01030210265488346,0.08805288386613663,-0.002216857340885589,0.015814400854608557,0.01850029335276248,-0.014403047670898509,0.011077395023332612,0.03397649512176761,-0.0049744438771358685,0.013728977219657866,-0.01564802131674584,0.01584738363317212,-0.028049635672660722,-0.0001782081089100628,-0.012714981065009177,-0.0007284322025010498,-0.004668829892124187,-0.027748921821275276,-0.013545844726358898,0.006464294892492825,-0.018705784646497692,0.0012993747796179902,-0.011288469115999672,-0.017242530020523214,0.06804062306051012
attended_school,-0.13332615641172538,0.6546226583008153,0.08256527806023298,0.2784082597203549,0.01876256510119812,0.1292212253796774,0.16357294929950417,0.3018918348210398,0.010590320414486109,-0.071617890465223,0.08659900672430615,-0.1404211636918358,0.11687444703264137,0.14416440861581023,0.11805358769277416,0.09687164757600224,0.04984145079378589,1.0,-0.09900507244142577,-0.07067155416045215,0.03807092816854554,-0.0009697774930816748,0.005851105139461802,0.0001368105301517917,-0.12133396547742215,0.0755099834736848,-0.018754746081058298,0.19279393958275026,-0.18084954182241922,-0.20599809329494018,0.8538245550183927,-0.036582225078598575,0.23010550560253662,-0.07482140705201816,-0.023848823086639225,0.011417874874026126,-0.0205800307840527,-0.0608390129045308,-0.053242745649391486,-0.06844937686869022,-0.053866804796515864,0.11751680277329596,-0.0058914401504027965,0.02923782826431741,-0.00850347702518467,-0.02807828192338735,0.013454509410666225,0.06315325250653818,0.02053784218789805,0.0209639729541848,-0.0323015451615417,0.03643193170927988,-0.03823646447410038,-0.0434301010011181,0.0448566550685218,-0.08951994847173178,-0.10797867408758578,-0.017942945701589448,-0.14310472123694054,-0.013382933680732147,-0.25611184702912393,-0.04997749903829841,-0.13329229156856756,-0.11004921289639205,0.19397922694809747
distance_to_road,0.035916790865121236,-0.050101087363949935,-0.04554790180098054,-0.08784670535635056,-0.04960199657183652,0.051760315030302345,-0.1282585278521731,-0.08119396228016916,-0.10266861642198392,-0.0538206472254392,-0.040708682854825186,-0.05053701683690909,-0.07868290200955227,-0.12257311917894863,-0.0322358833236658,-0.024130693156954694,-0.008220724053383602,-0.09900507244142577,1.0,0.27475115501672187,-0.06761115752667012,0.014978899781580506,0.04974003084196971,0.043495573328190325,0.04067483692039502,-0.01126757712452629,-0.08231759992589964,-0.013212931557318536,0.04945939734349648,-0.17847306884265,-0.10159535738789781,-0.07280715448981662,-0.09865786234776061,-0.02307004265987198,-0.07923669167142298,-0.01211593901141257,-0.08233470078768544,0.041865016370476515,0.08192189185601473,0.06256354508655294,0.1259098009273584,-0.11464408326744031,0.09490839842724672,0.025439455270882393,-0.051704081986515035,-0.046865831087653465,0.018876909541487383,0.022301424814909723,0.044812994918238355,0.06743005566766158,-0.07397479622939829,-0.0040377577663887705,-0.0244443725096126,0.05934570204608479,0.07490096477236684,-0.012429369476023536,-0.04202260543702449,-0.013763004395989362,0.05392692575420973,-0.009835460363765626,-0.03688999373841243,-0.08211000870544612,0.035760869659441294,-0.052959819918101544,0.03345851752841645
distance_to_market,0.03446207373070125,-0.07052836240374538,0.0005855019113999535,-0.013292370310626215,-0.030327971809063672,0.006426468787515916,-0.12300342498947325,-0.02143970660148655,0.09684299569721445,0.05987130769242446,-0.0014930253903957457,0.09517056987065384,-0.02908967060402532,0.06811647856693927,-0.002930121450444393,-0.006094842335983484,-0.007022681781099431,-0.07067155416045215,0.27475115501672187,1.0,-0.06373685775568406,-0.04590732217160575,0.02465379222822865,0.053594445632258486,0.016467734946716724,-0.04673684621824992,-0.03674489018885293,-0.0012455256142531337,0.08711878885316958,-0.009535074603393043,-0.0697041996506654,0.005388403644757848,-0.04810085346352786,0.056521176950300275,-0.059907765958073685,0.010533406545298014,-0.07931384921525061,-0.062230082618284346,-0.002545410909988494,-0.0031248771964162885,-0.00811222864740957,0.0003292076751051133,0.044511534352884075,0.0398891940514962,0.05408255088634467,0.004670772453935711,0.015276349593956393,0.024825887961044228,0.029214518841232676,-0.14261935945598586,0.03191714306996017,0.008097528829613688,-0.0811836676990849,-0.009530823065764188,0.049862537950433376,0.058997298760081744,0.08292332719821574,0.010794786260128777,0.048688960751923645,0.039502080959899155,0.04193852001952224,0.0066995582947651155,0.034424121765375855,-0.04164778998446877,-0.04536097522598102
household_head_age,0.07938967272407227,0.3466827980002288,-0.036044548664482375,0.03344522777782467,-0.07825506513274219,-0.04913226330285463,0.1562567528943395,-0.02254804558672667,-0.13604359967522878,0.09288933598583014,0.07265118409773981,0.0848991005777277,0.011990702589955467,0.047390730917293414,-0.027701570390636785,-0.02766326033009146,-0.014457427809661732,0.03807092816854554,-0.06761115752667012,-0.06373685775568406,1.0,0.03521803647684562,-0.12176185728883171,-0.03867696093547738,0.109799354259889,0.008279545444950649,0.3239253549008325,-0.281258394791595,0.19293365729114062,0.2043380977462994,0.010154378008205787,-0.042145115243907565,-0.13055035415298671,0.010416813311990134,-0.012869823566926303,-0.003983770309202727,0.014921379907960584,0.07455936332163365,0.029843920098137505,-0.03103560021533395,-0.03044103922717444,0.06591898791962476,0.03255085710194138,0.024210597978983832,-0.028230886497200958,-0.015149167366287922,0.02820646320967797,0.04332565363892031,-0.05265693302452043,0.026917024854099296,0.04139519093899959,0.008915367468413333,0.014621732276103874,0.02506506877349091,-0.011431926954863426,-0.0005666092560742491,0.007788498155376388,-0.018861627954248082,0.010815502983084981,0.008403170966221958,0.13399023093076054,-0.05527703626097889,0.0794493950987013,0.046504637493331794,0.013128585576729248
household_head_is_divorced,0.025960733582199958,0.006928730209749873,-0.07193127281917694,-0.10313678495792857,0.02970659445618204,-0.053857744502425066,0.003774390975699141,-0.04698552826956418,-0.025437020608807176,-0.02301917562352499,0.024182360117024623,-0.04430842409167331,-0.013689975940738985,-0.08059130817506209,0.001028549717676059,-0.0031239894664999318,-0.0350579854198147,-0.0009697774930816748,0.014978899781580506,-0.04590732217160575,0.03521803647684562,1.0,-0.2548742990188542,-0.20420922312763348,-0.07018626254747852,-0.05549297825901655,-0.07695876262573623,-0.054823407306304216,-0.1320365127103721,-0.04786972012723983,-0.005336142750080963,-0.02473691045360328,-0.015363611266889,-0.020437276534121043,-0.02473691045360328,-0.015344641113005444,-0.04186850647683307,0.0313532741005715,0.00861609125974887,-0.027092777068843773,0.003135461461008171,-0.017908777306582385,0.04320540690947602,0.017970408823705143,-0.01802569780289895,0.0034398975681902313,-0.02193322801910979,0.037516623292978245,0.020280588117388493,0.059649148298849014,0.0003989020171568146,-0.012014898381725828,0.021569917604965853,0.004816689523795716,0.042428327511156785,0.003135461461008171,-0.023647233505607455,-0.015376413072457141,-0.02181994033847776,-0.01768369033437126,0.0024257201455207297,-0.0375655425338364,0.02592263742518746,0.006759879734876724,0.08965550628653692
household_head_is_male,0.039041733804222184,-0.05674968202728105,0.2145691864890902,0.20375064506362708,-0.0595695565942773,0.05919800195582918,0.041482642712791146,0.09094056106548314,-0.021724101567128503,0.11943696558172429,0.02814834627842748,0.08175240493074892,0.015338960960903463,0.037438503491259795,0.04215118335526628,-0.01140080176001233,-0.001159361166805855,0.005851105139461802,0.04974003084196971,0.02465379222822865,-0.12176185728883171,-0.2548742990188542,1.0,0.47267741602747004,0.10478934656974229,-0.2741060398781479,-0.5090536882429615,-0.13868422274440081,0.21645523352909235,0.08313891955240642,0.027062343398253374,-0.007727655021185508,-0.014902240436087713,0.0025643375560881767,0.008816057136845438,-0.03254322325823193,0.037833962157069786,0.007125584783513103,0.02575981605220985,0.01544107804567059,-0.0037325135717358703,-0.05329429765424009,-0.015515135973947186,0.014541434992544951,-0.013155143187479058,-0.036679151297739666,-0.022130988489018816,0.04766217685333053,-0.004804138704680663,-0.009378393668611148,0.01345120689241732,-0.05948797355736148,0.010455477989827194,-0.0278705270358161,-0.012507295160036288,0.025705046295916842,-0.014349305703171394,0.04123792306201873,0.033019435944727435,0.009579833771548205,0.0422222684881565,-0.022525711734864225,0.039061766079947866,0.017533560749810544,-0.007100730328887112
household_head_is_monogamous,0.01144928844706531,0.01121205203629548,0.1715701963570062,0.2137390763761516,-0.04069268402848861,0.06297947382336917,0.03532433197291663,0.08352816613952893,-0.011502167445291799,0.022949574560295685,-0.034440128296045765,0.028779605909634357,0.06367145399670134,0.07076579588102928,0.05517210139346201,0.010543858917914954,0.026580772782758465,0.0001368105301517917,0.043495573328190325,0.053594445632258486,-0.03867696093547738,-0.20420922312763348,0.47267741602747004,1.0,-0.3327674898953977,-0.2631036104762102,-0.36487730411771324,-0.25992903703186654,0.24848888586170662,0.02287801217473664,0.019532741209249947,0.02882335685179984,-0.02182460480767129,0.04362159163721001,-0.023508316426508694,-0.04967415306566296,-0.009683410956575095,0.006520295594228371,-0.004966239160029431,-0.0025533100057354477,-0.013619040569810555,-0.012367994847900375,0.03941306067869668,0.02972764646881865,0.028460574619802125,-0.0721020130420809,-0.016944689669935273,0.10017922529628843,-0.008694998965351064,-0.014256358781323288,-0.020151527186072413,-0.036191582411483174,0.025209489559579565,-0.014732980503966589,-0.05780372761266884,0.009660503131062462,-0.03080829635717404,0.04407599075474469,-0.011308774578948725,0.04936132680356696,0.02456107636201522,-0.041347219251199524,0.011415829314198399,-0.03725449475129692,0.07193746775831197
household_head_is_polygamous,0.14744581877224078,0.0015100985035456874,0.05165122912867341,0.038286499422792324,-0.00832600570504384,0.01863286942667349,-0.018278835757323725,-0.03885711695413249,-0.01032706297660627,0.09641048558817597,0.01511467569040447,0.14721892312311488,-0.009715713434222364,0.013875767100690956,0.008815555534559611,-0.04207361737393718,-0.01727918882024294,-0.12133396547742215,0.04067483692039502,0.016467734946716724,0.109799354259889,-0.07018626254747852,0.10478934656974229,-0.3327674898953977,1.0,-0.0904281344360786,-0.12540752994499071,-0.08933704049904473,0.16749536461118797,0.1440834356786546,-0.11520747008482095,-0.00019530819302786983,-0.13449587942683863,0.010936246133155933,-0.00019530819302786983,0.005962427477718743,-0.012685039101970795,0.05168199259581717,0.10349981872966516,-0.005741552602772493,-0.008189867287442656,-0.05207803027593369,0.009621352760290495,-0.005408687026659278,-0.01847821238282395,0.005962427477718743,0.00824560297354615,0.08013712129259704,-0.029669732130711127,-0.008639112633606033,-0.018350486471988597,-0.015270799625112423,-0.01563720466021426,0.017178572936815763,-0.0224747734125937,0.030159563321531226,0.08931649588910207,-0.005741552602772493,0.09333031266941089,-0.022742374187884978,0.1521210170927356,-0.06423156895333924,0.14748570692500682,0.04416360738823517,-0.028026256112919097
household_head_is_separated,-0.08044756649195552,0.013346417747830755,-0.11202829369331993,-0.12043116605878595,0.035346341635750685,-0.05226628556937774,-0.04942652664172021,-0.035697784598656676,0.027782599369889093,-0.06534253690495519,-0.049837778460202764,-0.060790715959191735,-0.006124818172159481,-0.0798109563791358,-0.035845721575221944,0.01766914341198626,-0.03347053359550713,0.0755099834736848,-0.01126757712452629,-0.04673684621824992,0.008279545444950649,-0.05549297825901655,-0.2741060398781479,-0.2631036104762102,-0.0904281344360786,1.0,-0.09915383837466282,-0.07063459808512733,-0.13998931760707745,-0.052064775754091054,0.036865835543424916,-0.028995062355150317,0.06512012864971839,0.026391921406915837,0.008447556806716902,0.008447556806716902,0.018294726058869615,-0.039676843643206054,-0.03458806264218419,-0.01622331093069089,0.030158596337731606,0.015363073099393781,-0.0349063933326099,-0.022741136980320757,-0.011115408022060624,0.02342460447146379,-0.023141260331067455,-0.07503829845707534,0.03073594599157076,0.0023111447636976526,0.0023111447636976526,-0.0013863555945361726,-0.0061332032662673175,0.0036490219680647114,0.018812636874745308,0.010171150086931957,-0.01902642544633856,-0.01622331093069089,0.014121306537822356,-0.017269750194562426,-0.05281051917425558,0.060524609871612435,-0.08038447540355596,0.008087968916765349,-0.041644184480921734
household_head_is_widowed,0.016887523874846117,0.1033372326403278,-0.10803100253121312,-0.12269285590148983,0.0062906190263250115,-0.03706397177506682,0.028804734645633403,-0.08120775812026518,-0.020024112350546363,-0.0906423173896331,0.01415905230798866,-0.0271977235985772,-0.026425532793402037,0.010173875849852325,-0.021134437678079467,-0.030694562263919062,0.012982727794960737,-0.018754746081058298,-0.08231759992589964,-0.03674489018885293,0.3239253549008325,-0.07695876262573623,-0.5090536882429615,-0.36487730411771324,-0.12540752994499071,-0.09915383837466282,1.0,-0.09795746124536682,-0.10246980950679799,0.019899212481543554,-0.018768898659729274,-0.003656962540167826,-0.03393548979434482,-0.02973691002976475,-0.009389405696472177,0.06513235533548438,0.012253989517513105,0.027160467824895822,-0.004680168645978769,0.0016475794022230642,-0.007850080478627374,0.05990957275229946,0.0016475794022230642,0.01194379340150953,0.0017634844408513522,0.030737696397658273,0.07375168922455361,-0.03954335552178401,-0.02263165517437029,-0.024443824890285723,-0.0018422138944538045,0.05704633184586391,-0.02280621578215483,0.018270203975818706,-0.0037102478990844842,-0.03335063351087143,0.02781027046395617,-0.01980518824282686,-0.024443824890285723,-0.003324717112177007,-0.00267171613611612,0.01820575473520565,0.016892818632317088,-0.019176193951841294,-0.03657562512404112
household_head_never_married,-0.11829050908536579,-0.02175799546114925,-0.04684179562240238,-0.056017108789353315,-0.029643692784954104,0.03054667982044981,-0.07021276428332603,0.10249217597358938,0.053556894488497,-0.03755350434962429,-0.029245282867067846,-0.07250227591651322,-0.020513157681233837,0.029185593924345242,0.025531217736475695,0.020621164561436797,0.003493572970063249,0.19279393958275026,-0.013212931557318536,-0.0012455256142531337,-0.281258394791595,-0.054823407306304216,-0.13868422274440081,-0.25992903703186654,-0.08933704049904473,-0.07063459808512733,-0.09795746124536682,1.0,-0.2972978639615373,-0.15902287573531956,0.20349355266224348,0.001965557962977504,0.13050677557099044,-0.03085202773096919,-0.01317014413902899,0.04737266426899698,-0.029182100208797947,-0.03085202773096919,-0.02464624292357373,-0.006163724144839213,-0.008792061352579652,0.054618077735585434,-0.03448521739697393,-0.02246674542248071,0.042662709549679684,-0.0056022930880257425,-0.02899123805307543,-0.06959423137649606,0.01189771600605758,-0.002346341002827984,-0.02024924427098123,0.030194753677314258,-0.005305535801404315,-0.029074629915667335,0.011501194670911536,-0.04245735585340595,-0.03768111883891769,0.003276773605872359,-0.02024924427098123,0.005353027057608031,-0.15066519327919367,0.005853750451665128,-0.11838074982429467,-0.059869524555326376,0.05379157238188386
